
1        
2        
3  111   
4     1  
5  1111  
6 1   1  
7  1111  
8        
9        

1        
2        
3  111   
4     1  
5  1111  
6 1   1  
7  1111  
8        
9        
         
1        
2 1      
3 1      
4 1111   
5 1   1  
6 1   1  
7 1111   
8        
9        
         
1        
2        
3        
4   111  
5  1     
6  1     
7   111  
8        
9        
         
1        
2     1  
3     1  
4  1111  
5 1   1  
6 1   1  
7  1111  
8        
9        
         
1        
2    11  
3   1    
4 11111  
5   1    
6   1    
7   1    
8        
9       
